42.2
29.1
31.9
28.7
30.5
28.1
53.2
25.2
25.4
23.8
25.8
25.6
25.8
24.6
25.8
26.5
25.6
25.5
25.3
25.2
25.8
48.6
55.6
46.2
52.5
30.6
50.6
35.4
50.3
34.4
23.9
27.4
51.9
28.1
50.1
39.9
46.7
52.4
24.5
25.4
25.0
25.1
25.4
25.6
25.2
25.0
26.0
25.7
24.3
26.3
24.3
26.0
25.0
26.3
24.5
25.5
25.8
25.0
25.3
25.3
24.5
25.0
25.1
25.7
25.7
24.5
24.9
26.4
26.2
24.4
24.2
25.6
26.0
25.7
25.2
25.3
26.3
25.0
25.8
25.6
26.1
25.4
25.6
25.2
25.5
26.8
28.3
25.6
25.7
25.3
25.3
25.3
25.5
25.7
25.3
26.2
25.4
25.6
25.1
25.8
26.5
25.0
25.3
25.0
25.1
25.4
27.0
25.8
24.9
24.9
25.7
24.3
25.5
25.6
25.2
26.7
25.1
25.3
25.4
26.0
25.2
26.1
25.2
25.9
25.3
26.9
24.2
26.0
25.1
26.2
26.2
25.4
26.2
25.2
25.7
25.4
25.9
25.0
25.7
25.8
24.2
25.6
23.9
25.4
28.6
25.3
25.2
25.2
25.9
25.1
24.5
25.1
25.5
25.3
25.8
25.7
26.3
24.7
25.9
25.6
24.9
24.2
24.8
25.3
25.7
25.3
34.0
26.3
25.8
24.0
26.3
26.0
25.4
25.4
31.2
26.9
172
26.1
25.1
32.6
25.0
26.3
25.1
25.6
28.1
24.9
25.0
25.6
26.3
25.5
25.3
24.6
25.9
26.5
25.7
26.5
25.7
35.9
24.7
25.1
25.6
24.2
25.3
25.3
26.3
25.5
25.4
24.7
25.4
26.7
25.1
24.2
26.4
24.8
26.3
37.1
26.1
25.6
24.8
25.1
25.1
25.2
25.5
24.2
26.5
25.7
26.3
32.4
25.7
25.9
26.4
25.0
25.6
26.2
26.5
25.5
25.8
25.0
25.4
24.6
25.0
25.2
26.6
26.0
25.9
26.8
25.2
25.3
25.1
25.3
25.6
24.0
25.3
26.6
26.2
24.4
25.3
25.7
24.8
25.5
26.1
25.7
24.7
24.0
24.1
25.4
24.4
26.1
25.7
25.7
24.3
25.8
25.1
25.2
25.5
25.6
25.3
25.6
25.4
25.5
25.3
25.3
25.5
31.7
26.5
26.1
23.8
25.5
26.0
25.1
25.5
24.8
25.9
25.8
25.1
24.2
25.7
24.4
26.9
25.7
25.1
24.3
25.6
25.3
26.6
24.1
25.9
25.8
25.8
25.7
25.3
25.4
26.4
25.5
25.8
23.8
24.8
25.2
25.1
25.5
25.9
24.9
25.6
25.4
25.3
91.1
25.4
25.0
25.5
24.8
26.0
24.7
25.5
25.4
25.6
139
24.7
24.1
25.7
25.9
25.6
25.7
26.2
24.2
25.5
101
24.7
24.0
25.1
25.8
25.3
25.9
25.3
24.1
24.3
151
25.8
25.7
25.6
25.6
25.4
25.4
26.9
29.0
25.5
84.8
26.6
25.1
25.4
25.6
25.2
24.3
25.4
24.6
25.6
134
27.5
25.6
25.6
24.0
25.7
25.7
24.9
25.2
26.0
226
53.8
24.4
25.7
25.6
25.9
24.3
24.9
25.2
25.4
25.1
24.9
24.0
24.7
24.7
25.7
25.7
24.3
24.3
26.0
55.8
25.7
25.4
26.2
26.1
24.5
24.0
26.8
25.0
24.6
79.1
25.7
24.8
25.5
24.9
25.5
24.2
24.9
25.1
25.6
82.5
25.5
25.4
24.6
23.6
25.8
24.8
24.4
25.0
25.3
117
25.8
25.1
26.7
24.5
25.9
25.0
25.8
25.2
26.5
25.2
26.2
25.7
25.2
24.4
24.9
32.2
32.9
31.8
33.8
121
33.3
32.8
32.5
32.7
32.8
36.6
32.8
33.0
33.1
82.7
32.1
32.3
33.0
35.5
32.8
31.5
32.4
32.3
33.6
96.7
33.0
32.4
46.6
33.2
32.3
32.3
32.9
31.9
32.7
32.0
32.5
32.3
32.2
33.1
33.0
33.7
34.0
33.4
32.4
32.7
32.0
31.9
32.5
44.2
39.7
34.1
32.7
33.1
34.6
32.7
33.4
33.0
32.6
33.4
33.2
32.9
32.7
33.6
32.7
32.3
32.9
32.5
32.7
33.2
32.8
32.8
34.3
33.0
32.3
33.8
31.8
32.4
32.8
32.9
32.8
32.6
31.7
31.9
33.0
32.6
32.3
33.0
31.9
33.4
32.9
32.3
33.1
33.0
32.4
58.8
54.4
32.7
32.6
32.7
31.6
32.7
32.2
33.4
32.0
32.3
32.4
34.3
32.1
31.8
33.4
33.3
32.7
32.6
32.9
32.4
33.2
49.5
33.0
34.2
32.4
32.9
39.9
32.3
32.3
31.8
32.9
33.2
32.7
33.2
32.2
32.8
33.4
32.4
31.8
32.8
33.3
32.6
33.1
32.9
33.4
31.9
32.8
32.7
32.4
32.7
32.2
32.4
33.0
33.0
33.0
34.2
32.9
33.1
32.4
33.1
32.6
32.1
32.8
32.7
33.1
33.6
32.6
33.1
32.1
34.1
38.9
33.0
34.6
32.8
32.7
32.7
32.9
32.5
32.4
34.1
32.8
33.3
32.6
52.2
34.8
35.6
33.0
36.5
36.6
31.8
40.5
33.1
38.1
34.1
34.2
32.7
32.0
33.4
40.1
34.9
40.4
44.2
32.2
32.3
33.5
33.1
36.7
33.0
36.5
34.9
37.2
51.9
32.2
38.0
32.1
33.0
37.7
36.6
35.9
31.2
33.4
33.5
32.8
32.0
32.7
31.3
32.6
33.4
33.0
33.4
33.3
32.9
32.4
33.2
35.0
31.8
35.6
32.8
33.6
31.7
31.5
32.8
32.3
33.6
33.3
33.6
32.7
31.3
42.3
32.6
32.9
33.1
31.6
32.6
32.4
32.6
31.7
32.4
31.6
33.3
34.2
32.1
32.8
34.0
31.6
31.7
32.0
35.8
32.5
33.2
31.5
33.3
31.7
35.9
34.2
34.0
33.2
33.3
32.6
33.2
34.0
33.6
32.9
32.9
31.6
33.6
34.5
33.9
33.5
33.6
32.1
33.5
33.5
31.6
32.9
32.2
32.8
31.9
33.6
33.1
32.9
33.3
32.5
32.9
33.2
33.3
32.1
32.5
32.5
33.3
33.2
31.8
32.2
32.7
32.5
33.0
33.6
31.9
32.0
33.4
32.0
33.2
33.4
32.6
32.6
32.1
31.5
33.2
