33.2
32.7
32.6
33.5
47.7
33.3
33.0
34.0
32.5
33.3
31.9
33.4
32.8
33.1
32.9
32.1
32.3
33.7
34.4
33.1
33.2
40.5
33.0
33.3
34.6
34.2
32.3
32.1
33.4
31.9
32.3
33.4
32.4
32.4
39.7
32.2
32.3
33.7
33.1
32.8
33.3
32.7
32.7
33.3
33.0
32.1
41.3
33.0
37.9
32.6
33.6
33.3
35.8
33.4
33.3
32.2
33.2
32.7
32.8
33.0
32.6
33.4
32.1
33.0
32.2
34.0
41.2
35.0
39.2
31.7
33.5
32.0
32.9
32.6
32.0
32.6
42.7
33.0
32.2
32.4
32.8
32.9
32.4
33.2
34.0
32.2
33.3
32.7
33.4
33.2
33.1
32.4
32.1
32.3
32.7
32.9
32.2
33.4
32.5
32.2
33.2
33.1
37.2
32.6
32.3
32.8
32.8
32.8
32.9
33.4
33.0
32.6
33.0
32.2
33.2
32.3
32.3
33.1
31.3
33.5
32.4
32.9
33.1
32.1
33.2
32.8
32.5
31.1
31.8
31.5
32.4
33.0
33.2
34.2
32.6
32.9
31.8
31.8
32.5
32.7
32.9
33.2
32.1
33.5
42.1
38.2
43.6
37.5
41.5
45.1
40.9
33.6
32.2
44.1
39.1
32.4
32.2
32.8
31.7
37.5
31.5
37.7
50.1
31.6
33.1
31.7
33.2
33.4
43.4
33.7
36.4
37.1
33.1
43.9
44.3
58.9
32.7
32.6
32.3
32.7
33.4
32.7
33.1
31.9
32.5
32.7
31.8
32.4
40.1
43.6
33.0
32.3
33.4
35.9
40.3
32.9
33.1
33.1
32.0
36.3
34.1
33.3
33.4
33.1
33.5
41.4
32.4
40.5
39.9
32.1
32.2
32.0
32.6
34.2
33.8
33.2
32.2
35.3
32.8
32.8
32.8
31.9
31.8
32.8
33.2
32.8
31.7
32.7
32.6
33.2
34.3
32.8
32.1
33.5
32.1
40.1
31.8
34.5
32.0
33.6
32.5
35.1
31.8
31.7
36.1
32.0
31.7
33.4
32.1
32.7
31.7
36.6
32.1
45.2
31.8
34.4
32.5
32.3
31.4
46.8
32.7
31.7
32.4
33.7
32.7
39.6
32.6
45.4
46.4
32.7
32.2
32.5
32.8
42.3
31.9
47.0
32.5
32.9
33.4
33.0
45.2
44.7
42.6
32.1
32.6
32.8
31.9
32.2
33.6
46.0
32.4
33.5
34.2
31.8
40.2
33.0
58.3
34.5
32.0
31.6
31.8
32.7
35.8
32.8
36.4
32.7
33.1
41.0
32.8
32.8
32.7
51.4
41.3
33.4
34.7
33.0
32.3
33.0
32.9
33.0
38.6
33.8
34.0
32.6
33.4
33.8
32.2
33.6
33.1
32.3
38.0
32.0
62.8
32.6
34.6
33.2
33.5
32.7
32.5
32.7
31.9
32.7
33.7
32.1
32.3
32.0
38.5
38.8
33.5
45.6
41.1
35.7
31.9
39.0
38.4
33.7
40.7
33.0
39.6
247
32.8
33.6
35.6
40.8
36.3
34.1
40.6
38.5
42.8
39.6
41.9
41.7
41.2
31.9
43.0
35.9
32.1
43.2
35.0
33.2
32.0
40.4
33.0
36.6
32.3
40.7
34.3
33.7
34.6
36.6
37.3
39.5
33.1
33.3
34.7
36.7
38.1
35.2
33.6
38.7
32.5
34.6
40.4
34.1
47.3
34.8
32.6
39.8
38.5
32.7
41.9
34.5
40.4
37.3
47.2
34.7
42.0
32.8
34.9
38.5
33.5
35.6
37.7
31.9
37.0
46.5
33.1
42.7
39.9
31.6
48.2
51.1
44.2
35.6
32.2
42.0
43.2
38.7
49.5
37.1
32.3
48.5
32.9
32.9
32.5
31.6
32.4
35.8
40.7
50.8
33.9
45.4
40.7
31.9
31.6
33.2
31.7
37.2
31.6
39.9
52.7
34.7
35.9
45.7
34.5
39.3
33.2
45.4
32.1
31.8
40.2
35.9
34.5
31.8
32.5
31.9
33.0
31.6
32.6
31.8
32.8
32.4
32.8
39.7
36.9
32.6
33.8
32.1
32.4
37.7
39.0
38.5
33.2
33.7
32.2
35.6
33.7
39.0
48.9
46.2
33.6
36.1
42.9
51.3
36.9
33.6
40.4
205
33.4
31.4
32.5
32.9
33.6
33.8
33.2
33.0
33.6
33.2
33.4
32.8
33.1
46.9
33.0
32.6
33.4
33.4
33.6
33.2
32.9
33.0
32.0
33.0
32.4
31.3
32.0
33.1
32.9
33.5
33.1
32.7
31.6
32.1
33.1
33.3
32.3
33.3
33.1
32.1
32.8
32.9
33.4
32.7
32.0
32.7
34.2
33.2
32.9
31.9
32.7
32.0
33.3
32.6
32.9
32.8
32.6
168
33.0
32.6
33.1
32.3
32.3
32.5
33.2
33.2
33.3
31.8
31.4
31.7
32.7
32.5
32.0
33.5
32.8
32.8
32.7
31.9
32.1
33.4
32.7
32.5
33.6
33.1
32.7
35.4
32.9
32.7
32.0
32.7
33.2
34.0
33.0
32.5
32.4
31.2
32.7
34.5
33.2
32.8
33.0
33.0
34.0
33.1
33.6
32.2
33.0
33.2
34.4
33.2
33.3
33.0
32.8
33.8
32.2
32.6
34.2
32.2
32.8
33.0
32.5
31.5
31.3
33.1
34.9
31.8
33.3
33.1
32.6
31.6
32.4
32.2
33.8
32.8
32.6
33.0
32.0
32.9
32.6
33.6
32.5
32.8
31.8
31.8
33.1
32.8
33.6
33.3
33.4
33.3
32.2
33.1
32.9
33.2
32.1
32.2
33.0
32.7
31.9
32.9
32.5
33.0
33.5
33.8
33.3
33.1
34.8
32.9
33.2
32.8
32.2
32.7
33.6
32.8
33.2
32.9
32.7
32.3
32.9
32.1
32.7
32.4
33.1
32.6
33.1
32.8
32.6
33.0
32.4
31.7
32.8
32.9
31.5
33.5
32.3
33.0
32.5
32.9
32.9
32.0
31.8
33.1
31.7
33.1
33.6
33.3
36.6
33.3
32.6
33.0
32.8
32.6
33.7
33.3
32.9
33.1
32.5
31.3
33.4
32.8
32.5
32.7
33.4
32.1
32.7
32.4
31.7
32.4
32.6
33.1
31.9
35.8
32.8
32.1
33.3
32.3
32.4
32.3
33.3
33.0
32.5
205
34.1
32.5
32.2
33.1
32.6
31.9
33.0
34.4
32.9
31.9
32.4
32.8
35.8
34.0
32.9
33.1
32.9
32.9
33.3
36.4
39.9
37.9
38.0
46.0
32.4
32.7
45.7
47.7
36.9
32.3
41.2
39.8
33.0
45.9
43.1
35.0
35.4
34.9
44.5
32.0
36.4
33.5
36.1
32.0
33.1
32.9
32.7
33.0
32.9
33.3
31.9
205
34.3
33.0
35.9
33.1
33.1
33.6
33.6
33.1
32.7
33.0
32.0
32.9
31.3
33.1
33.8
33.9
33.2
32.3
31.6
32.8
31.8
33.0
31.9
32.0
32.0
31.4
42.6
32.2
33.1
33.0
31.6
38.3
33.5
32.5
31.8
57.2
56.8
32.8
33.5
33.2
33.9
33.7
31.7
32.1
32.7
33.8
32.7
32.1
31.8
32.9
32.0
33.9
32.6
32.4
33.0
31.4
32.7
33.0
32.0
31.9
32.8
33.1
32.2
32.7
33.1
33.1
32.0
32.1
32.1
32.0
33.2
33.6
33.1
32.6
32.9
32.8
33.1
33.2
33.0
32.7
32.8
32.2
33.0
32.8
33.4
33.4
33.3
33.2
32.8
33.3
33.0
31.8
33.1
32.5
32.3
32.6
33.2
33.2
38.5
32.8
32.6
31.8
33.3
32.2
33.6
33.1
33.1
32.5
33.6
32.8
33.0
33.9
33.5
33.4
33.3
33.0
31.9
32.2
32.1
32.7
33.0
33.9
33.4
32.0
31.4
31.3
35.7
31.8
32.6
32.4
31.9
32.0
33.3
32.6
31.8
32.2
32.2
31.8
32.0
31.7
32.0
33.1
31.7
31.8
32.0
32.2
32.1
31.9
32.1
35.0
31.1
31.3
32.5
32.0
31.8
32.1
31.5
32.1
32.8
34.0
32.2
32.0
32.1
32.1
32.4
32.8
32.1
32.0
32.4
32.2
32.3
31.7
31.8
32.4
32.2
32.5
32.2
32.0
31.5
32.9
32.2
32.5
32.0
32.4
32.4
32.3
32.2
32.0
31.9
31.8
35.8
38.3
32.0
32.9
32.4
32.3
32.2
31.8
32.3
32.8
31.5
31.7
32.2
36.3
32.3
32.0
32.0
32.1
32.1
32.8
36.5
31.7
33.5
31.9
32.2
32.9
32.2
32.2
32.8
32.0
55.0
39.6
33.0
33.0
32.8
32.9
32.7
164
32.3
32.7
34.8
38.0
43.0
47.3
34.9
41.2
45.0
151
38.0
33.5
37.9
42.9
36.3
39.8
44.0
44.2
56.6
115
34.0
40.7
38.1
33.1
43.9
43.9
36.5
41.2
32.1
135
44.6
44.4
37.4
37.0
44.3
40.0
42.4
47.0
49.3
180
42.0
37.9
33.4
41.1
44.1
44.6
38.2
32.2
32.7
49.6
31.7
32.3
34.2
32.2
33.5
32.7
33.9
32.0
32.5
271
32.7
34.0
31.6
32.1
31.6
31.4
31.6
31.6
32.0
32.8
32.1
31.9
32.1
32.3
31.3
32.0
42.9
32.1
32.0
47.6
32.3
32.0
32.1
32.0
34.4
32.4
32.2
33.0
32.4
91.1
31.8
31.7
32.9
33.6
33.3
32.0
32.9
31.9
31.3
100
31.5
34.3
33.1
33.4
48.8
34.7
32.2
38.8
33.0
38.2
36.7
31.9
31.8
33.2
34.7
32.3
31.9
31.9
32.0
111
32.2
32.3
32.4
31.9
32.9
32.1
32.6
32.4
32.0
163
32.3
32.2
32.1
32.1
31.8
32.2
32.1
31.9
31.8
110
32.1
32.1
32.1
32.8
33.5
33.1
31.6
31.8
31.8
68.0
32.9
32.1
31.8
31.7
31.6
32.8
31.5
31.5
31.8
77.2
33.6
32.0
32.7
34.0
31.9
34.5
33.1
32.8
32.0
32.6
33.0
36.5
31.8
32.0
31.9
31.5
32.5
32.1
32.1
33.4
32.1
32.9
31.9
32.0
31.8
31.7
31.7
31.8
33.1
32.7
32.8
32.0
32.2
32.6
31.4
32.5
32.5
31.4
31.9
33.1
32.7
32.6
31.7
31.6
32.7
32.2
34.1
32.5
33.5
32.0
32.0
32.4
33.4
31.6
32.2
31.6
31.7
33.4
32.5
32.2
32.9
32.2
32.2
32.0
32.2
32.4
32.0
32.2
32.6
32.0
32.2
32.3
32.0
32.1
31.9
31.4
32.1
32.2
32.2
32.5
32.2
32.3
32.2
32.0
31.9
33.3
31.9
32.9
31.6
31.5
32.2
32.2
32.3
32.3
32.3
32.4
32.6
32.0
32.0
32.6
32.0
32.8
33.8
32.0
31.6
31.2
32.2
31.6
32.1
32.1
31.7
32.5
33.1
32.4
31.4
32.2
32.2
32.1
31.9
32.9
32.6
32.2
32.4
58.1
36.9
32.3
39.3
36.6
32.2
32.4
32.4
31.9
38.8
32.0
32.1
32.3
32.1
32.4
31.7
33.3
32.2
32.6
34.1
32.0
32.4
31.5
31.8
32.0
31.4
31.7
32.3
32.2
32.5
32.4
32.1
31.3
32.7
32.1
33.3
32.6
31.9
32.6
31.9
32.4
32.6
31.8
33.6
32.4
32.7
32.4
31.8
32.1
32.3
33.3
32.6
31.8
31.7
32.0
32.5
32.2
32.1
32.4
32.2
33.1
31.7
32.2
32.4
33.4
32.4
32.1
33.3
35.4
33.5
32.1
33.1
33.2
32.8
33.1
32.7
32.7
33.5
33.3
32.1
32.7
32.3
33.1
33.0
32.3
32.3
33.4
32.8
32.8
32.1
32.8
32.5
32.8
33.5
33.6
32.5
33.2
32.6
31.4
32.2
31.7
32.5
33.6
32.6
34.6
32.3
32.5
33.4
31.8
33.1
32.3
33.8
32.3
32.9
32.3
33.1
32.7
32.7
33.2
32.7
32.1
33.3
33.0
33.4
31.2
32.0
31.4
31.5
33.2
33.6
32.4
32.6
32.1
32.8
31.6
32.0
32.2
31.8
32.3
41.4
31.7
31.9
32.5
32.0
32.1
32.2
31.8
41.0
33.0
46.6
33.1
32.3
32.2
33.9
31.0
32.8
31.7
39.8
32.6
39.5
45.5
37.4
49.7
33.2
46.7
33.3
33.5
32.6
33.1
33.4
33.5
32.6
32.6
32.3
34.5
32.0
32.4
31.4
31.9
32.2
33.2
32.6
31.4
57.1
32.2
32.0
31.3
32.9
34.0
33.6
31.6
32.2
32.4
32.9
32.5
44.4
31.7
31.9
31.6
31.2
32.1
32.1
32.1
32.0
33.7
31.9
32.6
31.0
32.7
31.8
31.8
31.9
31.6
32.5
32.9
32.5
32.5
31.5
31.4
31.6
32.4
32.1
32.4
31.8
32.1
33.1
32.5
32.4
32.9
32.5
31.9
32.0
32.3
32.9
32.9
31.2
32.2
32.3
32.8
32.2
31.8
32.5
31.7
32.4
32.6
32.1
33.1
37.6
32.2
32.1
32.7
32.1
32.7
32.1
32.9
32.9
32.5
32.5
32.2
31.9
33.0
32.3
34.2
32.1
31.7
32.1
32.4
32.8
32.0
32.7
32.2
33.2
31.7
32.8
32.8
32.8
34.5
32.7
36.0
32.7
31.4
33.9
55.1
44.9
31.8
34.7
32.1
31.8
34.0
33.3
32.3
45.3
42.9
31.7
32.9
34.5
38.8
32.0
32.3
33.0
32.6
32.6
32.4
32.9
32.1
33.4
33.2
32.8
33.5
36.4
32.0
32.5
33.1
32.9
32.9
32.5
32.8
34.8
32.3
32.7
32.8
33.6
33.4
33.5
33.5
34.3
32.3
32.3
33.0
33.2
32.9
32.9
32.7
32.8
33.3
33.1
33.1
33.0
34.1
33.4
34.4
33.5
32.7
32.2
33.2
33.0
35.7
33.5
33.4
34.1
33.6
34.0
33.7
33.7
32.5
34.0
34.3
41.2
33.0
32.8
33.0
33.8
33.6
33.4
34.1
33.7
33.3
34.0
33.3
36.5
34.1
34.4
33.2
33.9
34.8
34.1
32.3
32.3
33.2
33.2
34.1
48.0
33.0
37.4
33.5
33.0
33.1
33.0
33.5
33.1
32.9
33.1
32.8
33.4
33.4
33.3
32.4
33.9
32.6
33.0
32.9
33.5
33.4
38.4
32.9
32.8
44.5
39.7
33.2
41.9
33.2
48.0
39.4
32.9
32.3
38.6
32.9
39.2
34.9
39.1
33.6
34.1
34.2
32.9
33.4
33.0
33.8
33.9
34.6
37.7
58.6
58.9
57.9
60.2
35.9
33.3
34.7
33.1
32.7
34.4
33.4
34.0
32.9
33.9
32.8
33.7
33.2
33.3
33.4
32.7
33.9
33.1
32.8
36.7
41.3
39.7
43.4
36.2
32.8
37.4
40.8
42.3
38.1
33.5
39.8
40.1
38.7
35.1
39.7
38.5
25.4
43.1
38.1
41.0
29.5
30.5
32.3
31.8
46.7
27.6
26.1
30.3
25.6
31.5
34.2
26.6
36.5
27.5
36.1
32.7
32.7
32.2
30.5
27.0
36.7
25.7
25.3
25.9
25.2
24.7
26.0
24.5
24.2
25.9
25.8
24.3
25.9
25.8
25.5
26.2
25.2
25.5
25.5
25.0
24.7
24.3
25.4
25.9
25.2
26.4
25.5
25.6
26.0
25.0
25.5
25.8
25.5
25.6
25.3
25.3
24.4
25.0
26.3
26.3
25.2
25.4
25.4
24.4
23.8
26.1
25.2
24.4
30.2
35.7
36.2
24.9
25.1
24.7
25.2
25.3
30.4
24.9
25.9
24.8
25.3
26.0
25.5
25.2
25.1
25.7
24.9
25.0
23.9
26.4
24.2
25.3
25.4
25.3
25.3
24.9
25.0
24.3
25.6
26.2
25.7
26.0
23.9
24.8
25.3
26.6
25.4
25.2
25.6
24.7
25.7
27.5
25.1
25.3
25.4
25.2
29.4
26.3
24.6
25.0
26.0
26.6
24.8
25.5
26.2
25.5
24.9
25.5
25.8
25.5
25.2
25.4
23.8
25.3
25.7
25.2
25.4
29.8
24.9
26.5
25.5
24.8
24.9
24.6
25.4
24.4
24.8
24.3
30.3
24.6
23.8
24.5
25.3
25.1
24.8
26.2
25.8
25.4
25.9
25.8
25.2
25.4
27.5
25.0
25.0
24.8
24.6
27.7
26.0
24.3
25.9
25.4
24.6
24.4
24.8
25.6
25.4
25.0
24.2
33.4
25.2
25.3
24.8
25.4
28.1
25.7
25.2
25.0
26.0
24.8
25.3
25.4
24.5
25.6
26.1
25.9
24.9
25.3
25.2
25.0
24.4
23.7
46.9
26.4
24.6
25.2
26.3
25.3
23.9
25.5
25.8
27.5
26.0
24.9
26.5
24.9
24.7
25.2
26.0
24.8
23.9
26.8
25.7
26.2
26.0
26.2
24.1
25.4
25.6
25.6
25.1
25.5
25.6
25.1
49.0
26.2
24.9
25.0
25.3
26.6
24.8
25.6
25.7
26.2
27.0
24.9
24.6
25.1
25.3
26.1
26.4
25.6
25.9
24.3
25.3
24.9
25.2
24.2
26.1
24.5
24.8
25.8
25.0
25.9
25.6
25.4
25.1
25.5
25.7
26.1
26.2
24.4
26.9
24.5
25.1
25.1
23.9
25.0
25.8
26.2
26.3
26.3
25.5
24.3
24.7
25.0
24.9
25.3
25.6
24.9
25.2
25.6
24.5
24.4
25.6
24.7
24.3
25.3
25.5
25.9
25.2
25.5
24.6
24.9
24.6
24.7
24.7
27.6
25.7
25.0
25.8
26.1
25.9
25.6
24.9
25.0
25.3
25.0
25.6
25.4
25.4
26.4
25.6
24.9
24.6
26.1
25.7
26.7
24.5
25.6
25.9
25.6
25.3
26.3
25.5
24.5
24.4
27.1
26.2
26.2
24.4
25.6
25.1
24.6
26.2
26.5
25.4
25.8
24.8
24.9
25.9
25.9
25.6
25.4
25.6
24.5
24.8
25.8
25.5
24.6
25.5
23.9
25.8
25.3
25.3
25.7
26.4
25.6
25.5
25.5
24.6
24.1
24.9
24.7
24.7
24.9
25.0
24.7
25.6
24.1
28.0
26.3
25.0
24.3
25.6
27.1
25.9
25.2
24.7
24.4
24.7
25.2
24.5
25.4
25.4
25.5
25.0
25.5
24.7
25.5
25.4
25.7
24.7
25.4
25.6
26.1
25.2
105
23.9
25.4
24.8
25.8
24.3
25.9
25.6
29.2
26.3
24.3
25.3
24.7
24.8
24.8
25.1
25.7
25.3
25.2
25.4
25.6
25.5
26.0
24.7
25.2
25.5
26.2
24.7
26.4
24.5
25.1
25.0
25.4
24.8
24.9
24.9
25.5
25.2
25.5
25.6
26.0
24.4
26.3
24.5
24.2
25.1
24.8
44.0
24.4
25.1
25.6
24.9
26.5
25.3
26.0
24.4
25.5
24.2
26.2
25.7
25.0
26.9
25.0
25.4
25.4
29.4
26.7
25.7
25.6
25.5
25.7
25.2
25.5
25.7
24.4
25.1
25.3
25.8
25.0
25.4
23.9
27.9
24.6
24.9
25.5
25.2
26.2
24.4
25.4
24.0
25.7
25.2
24.8
24.3
26.1
25.1
25.8
24.9
24.5
25.4
25.5
24.9
25.1
25.9
114
25.9
24.6
24.0
25.7
25.0
25.3
25.4
24.5
25.4
159
24.3
25.0
25.6
24.4
24.8
25.7
25.5
26.1
25.4
130
24.9
25.4
24.8
24.6
24.3
24.9
24.6
26.3
24.6
24.8
24.2
25.5
26.3
25.3
25.8
24.9
25.3
29.2
25.4
79.4
24.3
24.9
25.0
25.6
25.1
24.3
25.5
24.8
25.2
136
24.3
24.8
24.8
25.0
24.8
26.0
24.2
25.4
24.5
96.3
26.5
26.1
25.3
25.6
24.8
25.2
25.4
24.3
24.5
137
25.9
25.5
25.7
25.7
25.0
24.5
25.7
26.2
25.5
27.7
24.9
23.9
26.2
25.5
24.9
24.7
25.4
25.6
29.4
94.6
25.2
24.6
24.7
25.0
25.5
24.4
24.9
26.6
24.6
25.4
26.2
25.7
25.9
24.3
25.0
25.4
24.5
24.1
25.7
71.7
24.4
25.2
25.5
25.6
25.9
25.4
25.3
25.4
25.7
136
24.8
25.1
26.3
26.3
25.6
25.3
25.3
25.3
25.7
24.5
26.1
25.6
25.4
26.0
26.5
24.6
24.6
25.4
24.6
214
25.5
25.4
24.3
26.3
25.3
25.8
25.9
25.0
24.4
177
25.9
25.3
24.8
25.3
25.9
183
25.7
25.5
25.9
143
24.1
24.8
24.8
26.7
26.6
25.9
24.5
26.9
25.0
25.6
25.1
25.0
25.8
26.8
26.0
26.1
24.2
24.6
24.6
24.1
25.2
27.2
78.1
50.5
26.3
25.9
27.4
25.5
25.2
24.6
79.8
25.0
25.1
25.8
25.1
24.6
26.7
25.6
25.3
24.3
24.1
25.4
25.9
26.3
25.7
24.3
25.8
24.8
25.5
26.1
27.4
24.9
26.1
26.0
25.5
24.9
24.4
25.5
29.9
24.5
25.3
25.0
26.3
25.7
24.7
24.7
24.4
24.1
25.4
24.2
25.2
25.0
25.6
25.4
25.5
25.7
24.9
25.2
24.8
26.4
26.4
25.0
26.7
25.1
25.4
25.1
26.1
25.5
25.1
161
25.7
25.8
25.8
27.2
26.0
24.7
25.2
25.4
26.1
24.5
27.0
26.1
25.9
24.0
25.2
24.9
26.2
27.6
26.2
25.7
26.1
24.4
24.3
24.5
24.5
25.4
30.5
25.4
26.0
25.9
26.1
24.1
24.6
24.6
25.3
25.6
25.3
24.8
25.5
25.9
25.6
25.5
25.7
24.7
24.3
24.4
25.3
26.4
25.4
25.5
24.4
23.8
25.5
25.3
25.4
25.5
24.7
25.0
25.5
25.6
27.6
25.8
25.7
24.8
24.1
25.7
25.6
25.7
26.8
25.4
25.5
25.1
25.2
24.8
25.0
24.5
24.6
24.6
25.8
26.9
25.1
24.9
24.8
25.3
24.9
51.8
25.4
26.3
25.6
24.2
25.1
24.6
25.4
25.7
25.8
26.2
48.3
33.9
25.2
24.2
24.8
24.0
24.7
26.3
24.8
24.8
27.1
25.2
24.3
25.2
26.2
24.9
26.4
25.5
25.9
26.4
25.2
25.3
24.5
24.8
26.0
25.9
28.8
25.5
27.1
24.3
25.5
25.1
24.7
24.1
23.8
24.9
25.0
23.9
25.8
26.1
26.2
25.1
32.2
24.7
26.0
24.1
24.8
25.9
26.1
26.1
26.3
24.6
25.0
26.2
52.5
31.8
49.3
28.0
37.0
26.5
31.2
29.8
32.0
27.3
198
30.1
45.1
27.2
24.7
27.9
25.4
25.4
24.6
26.0
25.2
26.2
25.1
25.9
24.8
25.9
25.8
24.7
47.5
30.9
36.7
28.4
47.6
33.0
38.6
38.1
47.0
48.8
30.1
31.5
51.1
26.4
31.8
36.1
50.8
51.7
51.5
26.1
28.2
25.8
33.7
26.1
32.9
38.4
26.4
30.3
25.0
27.4
25.4
28.3
35.8
27.1
26.4
25.1
24.7
26.6
26.1
24.1
25.5
25.6
24.5
26.1
25.8
25.8
25.8
24.8
25.8
24.4
24.4
25.4
25.8
26.4
24.8
25.4
25.3
25.5
25.4
25.3
25.1
25.6
25.4
24.0
25.8
25.8
26.0
24.6
44.5
24.3
24.4
24.8
40.7
24.4
43.5
24.4
25.2
28.7
24.3
24.2
32.1
28.2
24.5
24.7
28.0
24.6
41.3
25.1
28.5
33.4
24.5
24.7
24.4
24.8
24.0
23.9
27.3
25.3
25.4
25.9
24.6
24.9
44.6
23.9
25.2
30.3
30.9
26.4
24.3
31.6
28.8
25.7
28.6
33.1
25.5
26.0
24.8
25.3
25.2
25.5
27.4
25.8
25.3
25.1
24.8
26.1
24.3
25.0
25.8
24.9
25.2
25.4
25.7
25.9
26.0
26.4
25.5
25.2
24.5
24.5
23.9
24.7
24.7
26.1
24.3
24.4
37.2
26.5
25.1
24.8
35.4
24.6
25.1
27.0
41.4
50.1
28.5
37.0
25.5
45.9
44.6
28.2
25.1
25.9
26.6
28.9
24.8
26.4
24.9
24.9
26.0
25.0
25.3
32.8
28.2
24.7
25.8
25.7
25.7
25.3
26.8
24.7
24.7
25.2
24.5
25.0
24.4
26.2
25.8
25.1
24.1
26.9
24.5
25.4
48.7
25.1
164
24.6
24.8
24.8
24.5
24.9
25.2
33.5
24.8
28.8
25.3
25.1
24.1
24.7
25.4
25.0
24.0
24.4
24.4
25.5
27.1
25.3
28.0
28.7
25.2
35.5
26.3
24.3
25.0
24.8
25.6
25.6
24.0
24.6
24.3
25.2
24.6
25.0
24.7
24.3
25.2
24.0
25.8
25.4
25.3
30.3
31.2
38.9
24.6
26.2
28.5
25.6
24.9
25.4
26.2
24.9
26.1
25.9
25.8
26.3
24.6
24.3
25.3
26.0
25.0
27.9
24.8
25.4
25.4
26.1
24.8
25.8
26.5
25.1
25.7
38.3
25.9
26.5
26.0
25.2
25.6
24.3
25.8
25.4
25.0
25.2
24.9
30.4
26.3
25.3
24.9
25.5
24.9
25.1
28.7
25.0
25.4
24.6
31.4
24.9
26.1
25.0
26.0
24.7
24.6
24.0
25.3
25.6
24.7
25.4
25.3
25.9
25.4
25.4
24.8
23.7
24.7
25.9
26.0
24.5
25.1
25.3
25.2
31.3
38.1
25.8
25.0
25.6
26.6
26.5
34.3
39.9
35.5
35.6
28.2
26.0
26.6
27.8
30.8
26.7
28.1
24.4
30.5
25.6
27.2
41.1
26.1
28.5
26.2
24.7
30.9
30.0
34.6
24.4
29.9
25.3
32.9
32.7
39.0
47.3
26.4
46.2
24.5
31.9
29.6
31.5
30.3
26.9
35.8
31.1
28.5
49.1
30.5
29.4
31.0
24.6
49.3
28.9
32.4
38.7
29.1
26.2
25.5
41.6
26.3
29.8
32.3
24.6
28.4
35.6
29.2
33.3
25.4
32.0
32.4
28.9
31.6
31.9
32.9
27.2
34.6
25.3
31.9
38.4
30.0
37.6
33.8
32.7
34.9
31.9
25.6
27.7
35.5
25.6
33.0
26.7
38.8
28.6
26.3
29.9
29.6
29.3
29.5
27.9
27.5
30.4
29.2
25.6
28.3
33.9
33.1
25.9
28.9
35.1
33.6
25.6
29.6
31.7
33.5
28.1
34.4
32.1
36.1
37.1
25.0
30.3
27.6
25.9
30.9
26.3
24.4
27.2
37.0
24.6
29.7
33.8
25.0
32.3
29.6
25.6
28.3
25.6
23.7
26.3
26.2
30.9
25.3
36.3
26.2
25.5
32.5
30.4
29.6
26.1
34.5
25.7
25.2
26.3
34.5
26.7
25.1
24.0
24.5
24.8
25.8
26.3
25.4
25.4
25.1
25.3
25.7
25.4
26.1
25.3
25.2
25.6
26.2
25.9
29.7
28.6
32.2
25.5
28.2
26.6
40.4
48.7
24.5
37.1
28.3
29.7
32.8
27.2
31.2
27.8
26.1
25.4
25.8
29.3
27.9
34.8
25.2
28.3
27.8
24.9
28.5
45.3
30.0
28.3
31.4
33.8
33.6
30.2
26.1
29.5
33.1
26.7
25.8
39.4
31.2
29.4
28.0
25.7
29.9
24.3
28.9
34.6
24.9
34.0
26.1
61.2
32.6
24.8
33.0
25.4
25.5
24.3
39.9
28.4
25.7
25.7
31.7
30.2
38.8
25.9
37.4
24.8
26.1
24.1
32.1
33.5
37.0
25.8
25.6
25.3
24.2
36.5
24.6
28.8
24.9
28.1
31.6
35.6
28.6
30.9
33.0
29.9
30.6
36.3
33.3
55.0
26.6
30.4
30.6
33.5
28.8
27.1
47.4
27.0
26.2
28.8
25.4
31.0
28.5
30.5
43.3
47.8
43.5
49.9
35.3
35.7
30.7
36.3
33.8
51.4
30.9
36.1
29.2
52.6
29.0
46.4
31.5
27.9
39.3
30.1
37.6
42.9
40.2
30.1
27.5
30.0
30.9
47.1
26.2
24.7
29.8
29.0
51.9
51.8
39.3
29.0
52.5
28.1
53.5
25.4
38.6
28.2
50.3
52.0
32.5
24.5
51.0
25.2
25.1
52.8
42.8
47.6
29.1
46.3
44.0
49.3
49.2
29.0
27.7
45.2
48.6
25.1
28.2
38.1
27.4
25.1
25.9
29.9
37.5
24.2
30.3
37.6
38.5
44.1
47.6
35.6
38.2
29.8
31.0
26.5
32.5
27.6
24.6
39.7
25.7
37.0
24.5
25.3
25.3
36.7
25.0
36.0
24.1
34.0
25.4
24.9
25.3
25.3
24.8
25.5
25.2
25.4
25.5
24.8
24.4
24.7
26.2
25.2
24.6
24.8
24.5
25.6
24.8
35.0
25.2
24.7
25.1
25.9
24.4
25.1
24.2
24.9
24.9
24.7
25.5
25.6
25.5
25.5
25.8
24.6
24.9
24.9
25.8
24.3
26.0
24.9
26.1
25.9
25.1
25.5
24.9
24.1
24.4
23.7
25.5
25.3
26.2
24.5
25.5
25.8
24.7
23.8
24.9
24.9
24.8
25.2
24.6
24.5
24.3
26.6
24.9
25.8
24.9
24.6
26.2
25.8
25.2
25.4
26.4
25.4
25.0
24.4
28.8
27.9
24.9
24.7
25.5
25.8
25.4
25.9
25.9
24.2
25.8
25.9
26.0
25.6
25.2
26.0
24.7
49.5
26.0
24.3
24.1
26.4
25.2
38.7
27.2
38.4
32.2
24.3
25.8
25.1
26.0
25.6
26.0
24.1
25.1
24.3
25.3
25.3
34.1
24.9
25.8
24.8
26.1
25.5
24.0
24.9
26.7
24.8
25.2
31.8
25.8
25.5
25.3
25.6
24.4
25.3
24.8
25.3
26.3
46.3
26.1
25.4
26.2
25.3
25.2
24.1
25.6
25.5
26.6
25.5
25.2
24.6
24.4
24.9
24.6
24.9
25.4
25.7
25.1
24.5
26.2
25.2
25.0
27.2
24.5
25.0
25.1
24.7
49.9
28.1
28.4
37.6
24.7
25.9
31.2
43.6
47.3
49.2
52.7
30.4
29.1
34.4
52.0
31.0
35.1
46.5
37.2
41.9
41.5
31.4
30.1
45.9
52.0
25.3
37.5
NaN 301
38.7
35.1
40.8
32.2
206
136
25.2
108
25.2
205
24.5
25.9
26.5
25.8
28.2
25.5
26.6
25.2
26.2
25.4
29.3
25.9
25.9
25.7
25.6
27.5
34.7
25.6
27.4
25.5
28.6
25.0
25.6
25.5
25.6
107
24.5
31.1
53.3
26.4
26.1
25.5
27.6
26.4
25.7
25.3
103
49.7
201
25.3
27.3
28.6
37.8
37.9
27.3
31.9
27.1
33.2
28.0
25.8
24.6
26.4
26.5
25.4
30.7
28.3
47.1
32.4
37.6
26.4
28.2
31.8
25.8
39.9
38.5
39.2
27.9
37.3
37.7
26.5
31.4
41.2
26.2
33.1
41.0
26.3
28.8
46.8
34.7
26.9
45.9
36.7
33.0
32.1
28.4
38.3
45.8
27.6
27.6
26.2
49.4
48.9
49.5
38.3
33.2
39.0
24.7
25.0
28.5
29.3
24.6
28.7
28.7
40.2
34.6
31.8
31.6
27.0
39.1
37.2
29.4
36.6
32.3
43.7
27.9
40.4
29.2
35.9
33.9
28.1
35.4
35.3
31.9
31.8
26.7
26.9
26.0
34.3
38.9
33.8
36.1
39.5
33.6
35.3
32.6
28.7
39.7
30.5
29.3
27.1
30.5
31.3
28.7
27.8
36.9
30.1
29.8
27.7
28.0
32.3
26.1
26.9
25.4
30.1
29.6
31.0
26.9
31.5
33.0
37.3
36.0
40.0
39.2
26.5
34.1
33.5
25.9
25.3
25.0
25.7
25.8
24.3
24.4
27.5
36.3
28.1
25.6
27.0
25.1
23.7
25.2
25.1
25.9
24.1
46.1
25.4
25.1
25.7
25.3
24.8
24.8
25.8
25.6
24.9
25.3
27.1
25.7
26.1
26.4
25.5
24.4
24.8
25.1
24.4
24.5
25.0
40.0
25.8
26.0
25.7
25.6
25.2
26.4
27.0
24.6
25.2
24.3
24.7
25.8
24.8
24.4
24.9
25.2
26.7
24.0
24.5
33.2
24.5
24.7
23.8
24.6
24.7
26.5
25.1
25.4
24.9
27.8
24.7
29.4
24.4
25.1
25.0
23.9
24.4
24.6
24.6
30.6
24.8
24.5
24.5
25.1
24.5
25.9
25.1
24.3
24.4
25.0
24.8
24.9
24.6
24.6
47.3
25.7
25.0
25.7
24.9
24.1
25.0
53.1
49.8
25.1
24.5
24.0
24.6
28.6
25.5
24.6
25.4
25.9
27.2
25.2
27.2
25.7
24.5
26.2
24.5
29.7
24.8
24.9
31.3
24.6
25.0
24.5
24.6
24.4
24.6
26.2
24.8
24.9
24.5
24.2
25.1
24.4
26.6
24.8
24.7
24.8
26.5
24.5
25.3
25.9
25.1
25.4
24.7
24.4
25.0
25.2
32.2
24.7
24.4
25.2
24.6
24.8
24.7
36.3
24.4
25.5
24.5
24.9
25.1
24.9
53.8
31.8
45.1
51.9
28.4
24.1
29.6
25.9
25.9
50.3
25.2
25.6
26.0
24.3
24.9
25.4
26.3
25.1
26.0
25.6
24.7
26.0
26.4
25.3
25.5
26.3
25.0
24.5
24.9
25.4
25.3
26.1
25.5
26.6
41.2
26.6
25.6
25.8
26.1
24.9
25.8
25.9
25.7
26.4
26.6
25.5
27.2
25.1
24.7
24.9
25.3
113
51.2
36.5
29.8
31.7
42.9
45.6
25.0
28.8
35.4
31.5
25.1
28.7
36.3
27.7
37.5
36.8
49.7
30.1
35.9
24.6
25.6
24.3
24.9
24.1
24.4
25.4
25.0
25.4
25.4
24.9
24.8
25.2
25.2
