389
272
213
213
205
219
215
268
232
216
214
232
223
219
228
210
264
210
217
248
231
246
209
225
219
229
251
215
228
209
208
217
218
216
210
220
213
225
246
218
226
211
259
212
211
210
226
213
212
214
254
211
213
212
210
206
216
209
216
460
220
213
207
222
211
212
215
218
217
206
213
214
226
213
211
213
203
216
211
207
213
212
204
207
213
201
214
213
216
211
222
205
217
216
203
202
200
201
202
202
199
203
214
216
202
202
202
199
201
203
202
201
203
208
201
198
200
202
204
202
200
201
200
203
200
203
199
197
200
199
200
203
200
198
199
200
202
202
202
203
204
204
204
202
215
201
202
206
205
205
204
199
201
199
212
200
208
204
202
203
201
204
200
203
204
200
209
199
205
203
204
202
199
201
234
207
205
206
202
203
202
200
198
202
201
201
201
202
204
201
204
202
203
203
201
201
258
251
205
198
201
200
203
203
201
199
202
203
200
203
206
204
203
202
205
205
204
201
202
203
203
206
203
243
201
204
204
199
201
203
202
198
201
200
204
197
203
204
199
203
203
228
200
202
203
200
205
198
201
203
200
202
200
225
202
200
198
218
204
235
212
231
232
227
203
204
237
202
232
203
203
202
200
229
201
201
202
204
202
202
199
199
197
201
202
200
202
204
203
201
203
200
201
201
201
204
199
201
200
200
204
202
199
203
216
202
6006
6000
6001
201
203
200
202
201
217
203
202
205
202
232
209
206
212
219
212
222
224
203
223
218
225
213
213
237
221
224
220
216
216
236
229
219
213
246
205
220
219
217
223
203
204
200
204
203
200
204
201
200
200
202
201
200
238
212
203
199
200
203
202
209
204
205
201
201
203
201
205
202
200
200
203
202
204
200
207
203
254
201
201
201
200
200
204
201
202
202
199
202
199
203
199
251
204
202
201
202
201
201
201
200
202
201
200
221
202
230
201
201
201
202
200
218
202
246
205
204
201
240
203
213
205
204
202
225
201
199
201
210
201
203
202
250
199
238
204
851
201
200
204
202
211
203
201
225
201
202
207
200
206
201
213
211
206
223
203
226
200
212
208
198
207
224
201
200
201
202
203
203
203
201
203
204
202
206
205
204
202
200
200
203
200
199
202
203
205
201
199
203
200
204
203
201
203
203
206
205
200
201
204
203
215
198
203
201
203
201
202
204
210
202
198
198
202
201
209
206
200
202
201
200
200
203
198
204
203
209
199
202
203
202
202
201
200
203
203
200
201
204
201
202
198
201
201
199
209
200
203
202
201
202
199
201
201
201
221
198
243
199
201
202
201
201
201
199
202
201
203
199
199
200
203
201
200
208
203
201
200
202
206
209
203
201
200
203
203
201
203
205
204
202
201
203
200
201
199
198
203
206
202
200
202
198
202
202
201
204
201
202
201
200
199
202
203
202
202
201
200
202
199
202
199
198
201
197
201
199
201
199
200
199
210
201
199
200
201
201
201
203
203
200
197
205
205
206
204
203
205
222
237
202
204
201
202
201
203
200
199
203
203
200
198
201
204
203
206
204
208
200
397
199
202
201
206
203
204
198
200
200
201
202
203
204
202
201
208
207
203
199
203
202
203
201
202
199
210
201
202
202
197
201
200
199
204
200
203
202
201
201
205
201
204
201
209
202
199
200
203
199
199
198
200
198
201
200
201
201
202
201
198
200
201
200
201
203
202
198
202
201
200
200
202
202
200
202
202
202
200
201
199
200
199
204
200
199
198
202
200
199
201
201
201
199
201
199
200
199
203
204
201
201
199
200
202
199
325
200
204
203
203
196
199
202
202
201
200
214
200
200
201
201
203
201
198
201
198
203
204
203
204
206
204
201
202
205
199
203
202
203
204
202
204
206
204
203
203
203
200
201
200
202
204
200
200
201
203
202
204
203
203
203
203
196
216
201
199
202
201
204
201
200
200
199
200
199
202
203
204
201
201
198
222
216
201
199
203
200
199
203
202
200
203
203
202
201
204
202
200
201
204
202
202
203
200
203
205
202
203
201
201
201
200
203
200
203
202
198
202
198
203
228
201
198
199
215
202
200
203
198
199
204
197
201
200
199
207
201
201
204
202
201
203
203
197
203
200
204
204
201
201
204
200
203
200
199
202
201
204
201
203
201
202
200
202
212
203
204
204
201
202
201
208
203
203
204
204
203
202
203
203
203
201
199
203
203
202
203
200
198
202
200
200
202
198
199
203
206
199
204
199
201
204
205
204
206
201
212
250
209
212
202
209
230
203
206
198
203
201
201
199
204
220
221
200
199
202
200
199
201
199
202
204
202
203
202
201
199
201
238
202
202
202
198
204
202
198
200
198
204
201
199
205
204
200
207
203
206
202
201
200
202
201
204
204
204
216
202
200
197
201
199
196
201
200
201
199
201
202
200
200
199
200
201
203
203
198
200
198
201
199
206
200
197
201
202
198
202
206
200
201
202
202
203
205
205
202
201
204
201
200
205
200
204
200
199
202
199
204
203
204
203
199
203
202
202
205
204
200
202
202
202
203
202
203
199
203
202
201
201
207
243
203
201
201
203
203
202
203
201
201
203
203
219
200
198
200
201
203
203
198
203
204
203
207
201
204
202
225
203
202
201
200
200
202
202
199
241
238
246
389
380
239
212
235
249
216
224
209
212
213
222
206
217
217
218
215
219
217
218
209
215
225
219
203
222
203
212
212
203
208
220
211
204
200
199
199
202
251
232
201
201
203
204
200
204
207
200
201
211
202
200
205
203
200
874
243
202
199
199
201
200
198
201
198
203
201
199
198
210
201
204
201
205
215
201
203
201
206
256
199
201
208
205
209
206
218
221
207
226
222
218
211
202
203
218
226
232
225
207
213
204
207
211
209
206
203
211
204
203
204
198
201
207
202
209
201
202
207
202
202
198
200
198
202
202
200
197
203
201
202
200
200
201
199
202
203
202
204
203
203
200
205
203
203
200
204
198
200
199
198
199
198
202
200
203
200
202
206
200
201
199
199
200
204
198
202
202
202
203
203
200
221
229
199
203
200
199
215
201
200
200
201
201
200
203
202
200
203
201
202
200
201
201
205
200
203
201
201
204
204
205
202
201
200
200
201
205
203
202
207
201
202
205
203
202
205
202
216
419
217
208
229
206
206
203
207
207
204
217
206
213
213
204
201
200
205
201
199
204
206
203
204
201
222
205
201
200
205
200
202
200
198
201
201
200
198
201
202
202
204
199
203
202
221
201
201
203
202
213
216
202
216
203
199
200
203
222
202
203
202
202
203
203
205
200
199
201
206
203
202
204
199
201
210
204
200
201
198
198
203
199
310
203
201
207
201
203
212
201
200
204
205
201
203
203
200
202
203
202
201
203
203
201
203
205
200
201
201
200
203
204
203
200
205
204
203
202
201
202
204
199
